271127
271096
271569
272465
273637
274123
274014
275465
276221
277577
277624
277695
277892
278263
278362
278325
279517
280383
280722
280936
281707
281572
281554
282260
283828
284565
284563
284680
284025
285094
285655
285720
285924
288467
287837
289063
289857
290064
290249
290453
290345
292019
292420
292566
294510
294552
311152
313128
314933
315932
317554
318545
318676
318922
319360
319620
319091
319967
319424
319071
322029
322861
324147
324904
325536
325866
327432
327895
327919
328301
328227
328307
328282
328603
329645
330427
331048
331078
330775
334757
337408
336963
337492
338571
338566
338702
345687
347674
347749
348415
350459
350759
351520
351946
352546
352615
352619
354179
354715
354949
355188
355568
355932
354746
356760
357015
356721
357465
357262
357655
358029
358112
357726
358776
358999
358376
359524
359748
359692
359924
359619
360727
360725
362163
362137
362654
364263
364245
364433
364679
364734
364833
364957
365098
365449
365619
366106
365961
366579
366686
366658
366911
365054
367372
369878
370226
371275
371592
371971
372332
372423
372640
369858
375497
376063
376802
377600
378648
378948
380372
380723
380434
381086
381033
389946
392990
393066
394678
395142
397677
398023
398181
397332
399152
400265
400632
401703
402721
403117
403072
403279
403617
404868
404917
404592
405741
406394
407037
409874
412213
412750
413597
413343
414638
414756
415010
415024
415009
415673
415844
416988
417158
417533
418418
419141
420726
422151
423570
423574
423612
423726
432171
435356
437712
437793
437830
438081
438359
438630
438828
439034
439151
439364
439900
440068
440131
440576
441447
442331
442563
443021
443993
444961
445342
445448
445493
446536
447567
445405
448306
448408
448599
447567
270675
257643
255598
247534
246214
307687
415673
451638
451904
452303
452516
452473
453017
453184
453241
453717
453761
454747
455033
455487
455177
455704
455818
456083
456884
456893
457275
457502
457934
458003
458035
458374
459321
459392
459721
460118
460132
460112
460157
460260
460412
460506
460687
460822
460994
461136
461754
461784
461791
461801
462003
462017
462005
462021
474695
474783
474644
475547
475749
475764
476140
476374
476384
476782
477043
477472
478600
478499
478772
480429
480434
480516
